	County	State	Population_Density	Poverty	Infant_Mortality	Suicide	Total_Births	Total_Deaths
0	Anderson	TX	53	20.1	6.4	17.4	3298	3018
1	Andrews	TX	8	15.0	10.7	13.6	2094	1093
2	Angelina	TX	102	17.3	6.4	13.0	6401	3955
3	Aransas	TX	98	18.5	7.0	18.8	2362	2560
4	Archer	TX	10	9.1	8.9	0.0	1005	677
5	Armstrong	TX	2	9.7	0.0	0.0	227	266
6	Atascosa	TX	35	19.0	8.8	17.1	3164	1571
7	Austin	TX	40	11.3	5.7	11.3	3236	2522
8	Bailey	TX	8	17.9	7.3	0.0	1207	615
9	Bandera	TX	25	12.4	7.6	22.2	1726	1407
10	Bastrop	TX	79	12.6	5.6	16.4	4464	2265
11	Baylor	TX	4	16.7	0.0	0.0	409	700
12	Bee	TX	37	24.6	6.7	14.1	1938	1123
13	Bell	TX	242	14.8	7.5	11.5	16694	4819
14	Bexar	TX	1218	17.6	7.0	10.3	73703	30791
15	Blanco	TX	13	10.5	5.7	23.1	949	917
16	Borden	TX	1	6.9	0.0	0.0	37	40
17	Bosque	TX	18	14.3	8.2	14.8	2013	2641
18	Bowie	TX	102	17.5	8.2	12.4	5751	4922
19	Brazoria	TX	201	11.5	5.0	13.4	12713	5183
20	Brazos	TX	267	18.9	4.4	8.8	6781	2343
21	Brewster	TX	1	17.5	11.4	24.9	1156	779
22	Briscoe	TX	2	15.7	0.0	0.0	242	225
23	Brooks	TX	8	29.5	3.1	15.0	1417	773
24	Brown	TX	41	18.1	11.2	8.3	2502	2386
25	Burleson	TX	26	15.5	6.5	13.5	2185	1613
26	Burnet	TX	42	11.9	6.8	13.2	2364	1920
27	Caldwell	TX	67	14.7	7.4	14.0	2580	1405
28	Calhoun	TX	40	16.3	3.6	9.9	3372	1671
29	Callahan	TX	15	14.3	6.6	18.2	1347	1409
30	Cameron	TX	418	29.5	5.0	6.5	25617	6178
31	Camp	TX	62	18.2	3.6	15.6	1837	1479
32	Carson	TX	7	9.0	14.7	0.0	763	646
33	Cass	TX	32	17.4	11.0	13.6	1728	1954
34	Castro	TX	9	19.7	3.3	0.0	1360	652
35	Chambers	TX	47	10.6	6.5	10.4	3061	1763
36	Cherokee	TX	46	18.2	7.4	18.8	3640	2674
37	Childress	TX	11	21.2	7.5	20.2	891	944
38	Clay	TX	10	11.1	9.2	0.0	961	1074
39	Cochran	TX	4	22.7	0.0	0.0	551	381
40	Coke	TX	4	14.8	0.0	0.0	325	607
41	Coleman	TX	7	20.6	12.0	15.5	1106	1595
42	Collin	TX	778	5.4	4.0	7.5	29125	6159
43	Collingsworth	TX	3	18.5	0.0	0.0	392	497
44	Colorado	TX	22	15.6	8.6	11.7	2564	2615
45	Comal	TX	171	9.9	5.9	9.3	5578	3462
46	Comanche	TX	15	18.0	4.8	14.7	1606	2009
47	Concho	TX	4	18.6	0.0	0.0	251	361
48	Cooke	TX	44	13.6	8.4	11.3	2506	1930
49	Coryell	TX	72	15.7	7.8	11.1	4850	1672
50	Cottle	TX	2	19.5	0.0	0.0	202	286
51	Crane	TX	5	11.8	7.6	0.0	587	372
52	Crockett	TX	1	15.1	0.0	0.0	543	397
53	Crosby	TX	7	22.8	5.0	0.0	1116	813
54	Culberson	TX	1	23.1	0.0	0.0	448	208
55	Dallam	TX	4	14.4	13.6	0.0	1068	553
56	Dallas	TX	2621	16.9	6.8	10.6	128098	42119
57	Dawson	TX	16	22.5	7.5	8.2	2117	1450
58	Deaf Smith	TX	12	17.7	8.8	9.4	3651	1563
59	Delta	TX	20	16.1	7.2	0.0	618	772
60	Denton	TX	624	8.3	5.3	8.8	24872	5750
61	DeWitt	TX	23	19.0	5.9	12.9	2295	2757
62	Dickens	TX	3	18.5	0.0	0.0	228	419
63	Dimmit	TX	8	28.3	6.5	0.0	1707	869
64	Donley	TX	4	16.4	19.9	0.0	407	577
65	Duval	TX	7	25.2	3.9	8.7	2041	1209
66	Eastland	TX	20	18.1	9.9	10.9	2223	2875
67	Ector	TX	139	19.3	6.4	11.2	6752	3110
68	Edwards	TX	1	22.8	0.0	0.0	248	190
69	Ellis	TX	142	10.9	5.8	11.8	5662	2694
70	El Paso	TX	712	25.7	4.1	7.5	42470	12662
71	Erath	TX	31	15.8	4.4	11.6	2248	1586
72	Falls	TX	23	21.6	8.3	11.8	2164	2385
73	Fannin	TX	37	15.4	5.6	14.5	1780	2116
74	Fayette	TX	24	12.5	5.3	13.0	2519	3054
75	Fisher	TX	5	14.3	0.0	0.0	409	596
76	Floyd	TX	7	20.5	10.6	0.0	1263	842
77	Foard	TX	2	15.6	0.0	0.0	191	226
78	Fort Bend	TX	530	8.4	4.6	9.5	16800	4795
79	Franklin	TX	36	13.7	7.1	0.0	928	1058
80	Freestone	TX	21	15.0	9.7	20.7	2047	2070
81	Frio	TX	14	27.8	6.4	0.0	2647	1171
82	Gaines	TX	10	18.9	5.1	0.0	2622	966
83	Galveston	TX	697	13.7	8.3	14.4	11571	6808
84	Garza	TX	6	19.5	4.8	0.0	678	573
85	Gillespie	TX	22	10.8	5.0	17.9	2196	2708
86	Glasscock	TX	1	10.4	0.0	0.0	171	55
87	Goliad	TX	8	15.2	5.9	18.1	743	684
88	Gonzales	TX	18	18.8	4.3	11.2	2827	2106
89	Gray	TX	23	15.0	8.9	16.1	2778	2792
90	Grayson	TX	125	13.5	7.2	14.0	4718	3705
91	Gregg	TX	422	16.4	6.8	18.4	5568	3556
92	Grimes	TX	32	16.8	6.1	17.4	3102	2294
93	Guadalupe	TX	145	12.1	6.1	10.4	5925	3210
94	Hale	TX	36	20.1	8.0	0.0	3230	1509
95	Hall	TX	4	22.4	3.8	0.0	579	610
96	Hamilton	TX	10	15.8	7.1	32.1	924	1433
97	Hansford	TX	6	13.7	3.9	0.0	833	566
98	Hardeman	TX	6	16.5	9.9	0.0	566	717
99	Hardin	TX	57	12.5	5.4	13.6	3160	2369
100	Harris	TX	2136	16.2	6.0	10.8	195600	62223
101	Harrison	TX	71	16.1	8.4	11.3	4029	3087
102	Hartley	TX	4	9.4	12.4	0.0	683	343
103	Haskell	TX	6	19.9	6.8	0.0	655	1015
104	Hays	TX	184	12.4	3.2	10.5	7602	2683
105	Hemphill	TX	4	9.6	0.0	0.0	414	343
106	Henderson	TX	92	16.6	7.0	17.3	4834	4505
107	Hidalgo	TX	432	31.0	4.0	5.2	46999	9118
108	Hill	TX	37	16.1	6.3	17.8	2385	2076
109	Hockley	TX	25	17.5	3.2	10.8	3502	2017
110	Hood	TX	114	11.1	5.9	14.0	2363	2356
111	Hopkins	TX	43	14.7	6.6	13.2	2287	1870
112	Houston	TX	19	21.4	5.7	15.8	2537	3155
113	Howard	TX	36	19.8	5.9	17.0	2215	1868
114	Hudspeth	TX	1	28.6	0.0	0.0	417	181
115	Hunt	TX	98	15.4	6.4	15.3	5436	3759
116	Hutchinson	TX	25	12.6	8.9	15.5	3249	2559
117	Irion	TX	2	10.6	0.0	0.0	138	125
118	Jack	TX	10	14.1	8.6	0.0	899	921
119	Jackson	TX	17	14.1	3.4	10.1	1954	1593
120	Jasper	TX	38	18.4	6.8	14.9	2500	2026
121	Jeff Davis	TX	1	14.6	0.0	0.0	173	191
122	Jefferson	TX	274	18.1	8.8	10.7	10114	7718
123	Jim Hogg	TX	4	22.5	7.0	0.0	784	496
124	Jim Wells	TX	47	22.0	5.1	6.3	3127	1756
125	Johnson	TX	201	10.9	6.2	12.5	5839	3211
126	Jones	TX	21	20.6	10.3	19.2	1836	2151
127	Karnes	TX	20	23.7	6.8	13.3	1773	1571
128	Kaufman	TX	113	11.5	5.0	16.3	5644	3490
129	Kendall	TX	43	9.2	2.9	19.0	2973	2130
130	Kenedy	TX	0	13.2	0.0	0.0	64	40
131	Kent	TX	1	9.4	0.0	0.0	62	155
132	Kerr	TX	42	13.7	6.7	13.1	2535	3122
133	Kimble	TX	4	17.1	10.5	0.0	514	586
134	King	TX	0	14.9	0.0	0.0	26	12
135	Kinney	TX	2	19.5	0.0	0.0	382	365
136	Kleberg	TX	35	22.8	5.5	8.3	2562	1143
137	Knox	TX	4	20.9	0.0	0.0	538	647
138	Lamar	TX	54	17.8	5.1	18.6	3323	2890
139	Lamb	TX	14	19.4	9.6	13.8	2295	1798
140	Lampasas	TX	28	13.8	9.8	18.3	2362	1802
141	La Salle	TX	4	26.9	6.0	0.0	920	522
142	Lavaca	TX	20	13.3	4.7	11.7	2350	2726
143	Lee	TX	26	12.3	4.7	8.5	2118	1498
144	Leon	TX	15	14.4	5.6	21.1	1772	1953
145	Liberty	TX	65	16.3	6.8	15.9	5284	3400
146	Limestone	TX	25	18.0	5.1	15.8	2823	3084
147	Lipscomb	TX	3	13.7	0.0	0.0	384	361
148	Live Oak	TX	11	17.8	5.6	15.3	1182	1038
149	Llano	TX	20	12.3	8.0	17.8	1348	2485
150	Loving	TX	0	13.4	0.0	0.0	2	5
151	Lubbock	TX	280	17.6	5.8	12.8	11838	6008
152	Lynn	TX	7	18.9	8.4	16.3	919	679
153	McCulloch	TX	7	20.6	6.9	12.1	1104	1300
154	McLennan	TX	216	18.0	8.2	9.5	9877	5923
155	McMullen	TX	1	13.4	0.0	0.0	53	84
156	Madison	TX	28	19.4	6.6	12.1	1491	1340
157	Marion	TX	29	21.2	7.6	12.5	1141	1435
158	Martin	TX	5	17.2	6.3	0.0	706	477
159	Mason	TX	4	14.2	0.0	0.0	330	559
160	Matagorda	TX	34	18.1	7.2	13.3	2768	1886
161	Maverick	TX	40	29.8	3.7	6.1	5148	1319
162	Medina	TX	32	16.2	5.8	9.2	2756	1565
163	Menard	TX	2	21.4	0.0	0.0	247	370
164	Midland	TX	135	15.4	6.5	12.6	5498	2805
165	Milam	TX	25	16.7	4.8	9.7	3412	2904
166	Mills	TX	7	16.2	0.0	22.3	471	750
167	Mitchell	TX	10	22.0	4.7	14.4	945	1200
168	Montague	TX	21	14.8	2.9	18.6	2283	3014
169	Montgomery	TX	362	10.4	6.4	15.8	14960	6517
170	Moore	TX	23	14.0	7.8	13.5	3951	1409
171	Morris	TX	51	17.1	4.7	19.9	1633	1805
172	Motley	TX	1	15.4	0.0	0.0	140	214
173	Nacogdoches	TX	64	19.9	7.7	10.0	4305	2668
174	Navarro	TX	48	17.2	7.9	15.2	3420	2617
175	Newton	TX	15	20.1	4.8	10.5	1623	1418
176	Nolan	TX	16	20.1	6.3	16.5	2294	1939
177	Nueces	TX	383	19.6	6.0	10.7	15100	7536
178	Ochiltree	TX	10	11.9	3.7	17.3	1470	792
179	Oldham	TX	1	13.2	0.0	0.0	238	188
180	Orange	TX	238	14.5	7.3	13.5	5498	4370
181	Palo Pinto	TX	29	16.3	9.9	18.0	1818	1713
182	Panola	TX	29	14.6	11.1	8.6	2774	2528
183	Parker	TX	114	11.0	5.4	13.5	5593	3711
184	Parmer	TX	11	14.6	14.3	14.1	1718	863
185	Pecos	TX	3	21.0	8.1	11.7	2202	1183
186	Polk	TX	44	16.8	7.2	17.7	2488	2755
187	Potter	TX	132	20.8	10.1	19.7	6516	3683
188	Presidio	TX	2	27.7	2.3	0.0	1429	459
189	Rains	TX	49	14.2	11.1	12.8	897	999
190	Randall	TX	120	8.5	8.8	14.6	6513	3701
191	Reagan	TX	3	12.7	1.9	0.0	574	288
192	Real	TX	4	20.6	0.0	0.0	326	389
193	Red River	TX	13	19.0	4.7	21.2	1682	2180
194	Reeves	TX	4	27.1	5.3	8.8	2118	1112
195	Refugio	TX	10	15.9	1.1	0.0	993	903
196	Roberts	TX	1	7.3	0.0	0.0	65	99
197	Robertson	TX	19	19.1	3.8	13.6	2360	2039
198	Rockwall	TX	489	6.8	5.0	13.9	3631	1509
199	Runnels	TX	10	18.3	8.2	14.0	1494	1521
200	Rusk	TX	52	15.3	8.4	13.4	2972	2705
201	Sabine	TX	21	16.4	13.6	14.6	1069	1683
202	San Augustine	TX	17	19.8	6.4	21.6	1042	1296
203	San Jacinto	TX	43	17.6	5.2	20.1	2313	2013
204	San Patricio	TX	100	17.9	6.8	10.1	5766	2686
205	San Saba	TX	5	18.3	3.4	0.0	631	790
206	Schleicher	TX	2	16.4	0.0	0.0	376	317
207	Scurry	TX	18	17.4	2.5	11.6	2224	1759
208	Shackelford	TX	3	12.9	0.0	0.0	345	465
209	Shelby	TX	33	18.5	10.1	10.2	3561	3211
210	Sherman	TX	3	13.1	0.0	0.0	400	281
211	Smith	TX	205	14.7	8.6	15.8	8300	5289
212	Somervell	TX	40	10.1	5.0	17.6	873	683
213	Starr	TX	50	36.2	4.9	5.8	7325	1340
214	Stephens	TX	11	19.1	6.9	11.4	1269	1188
215	Sterling	TX	1	12.0	0.0	0.0	148	111
216	Stonewall	TX	1	16.2	0.0	0.0	176	260
217	Sutton	TX	3	13.6	3.5	0.0	643	359
218	Swisher	TX	9	20.1	6.9	14.4	1268	877
219	Tarrant	TX	1877	12.9	7.5	9.8	80771	29109
220	Taylor	TX	137	16.3	8.4	10.4	6065	3555
221	Terrell	TX	0	18.0	0.0	0.0	95	132
222	Terry	TX	14	21.8	1.6	12.3	2036	1218
223	Throckmorton	TX	2	12.9	0.0	0.0	169	263
224	Titus	TX	72	16.4	5.5	15.1	2546	1338
225	Tom Green	TX	68	16.7	8.0	15.9	4738	3035
226	Travis	TX	898	13.9	5.8	12.9	43572	12200
227	Trinity	TX	21	17.8	12.6	19.0	1544	1892
228	Tyler	TX	22	17.5	13.1	12.1	2219	2448
229	Upshur	TX	64	15.9	7.3	15.4	2332	2101
230	Upton	TX	2	16.3	0.0	0.0	487	349
231	Uvalde	TX	17	23.4	4.7	7.7	2350	1174
232	Val Verde	TX	15	22.4	5.7	8.8	4568	1561
233	Van Zandt	TX	62	14.0	4.3	20.2	3053	2930
234	Victoria	TX	97	15.5	6.1	11.2	6733	3466
235	Walker	TX	80	19.4	6.2	13.8	3069	2139
236	Waller	TX	68	17.5	3.2	12.1	2466	1189
237	Ward	TX	12	17.1	7.1	10.4	1573	1073
238	Washington	TX	52	13.6	4.6	5.8	1956	1729
239	Webb	TX	67	27.1	5.3	6.0	17803	3046
240	Wharton	TX	38	15.6	5.3	10.3	3185	2056
241	Wheeler	TX	5	13.8	7.6	23.7	574	883
242	Wichita	TX	201	15.6	8.9	13.2	5643	3875
243	Wilbarger	TX	14	15.9	6.7	9.6	1995	1844
244	Willacy	TX	34	30.2	4.0	5.8	3972	1186
245	Williamson	TX	297	6.9	4.9	7.9	14947	3857
246	Wilson	TX	47	12.0	6.9	9.0	2171	1313
247	Winkler	TX	8	16.4	5.0	21.9	1120	762
248	Wise	TX	63	10.8	6.2	13.3	3392	2131
249	Wood	TX	63	15.2	8.4	14.8	2135	2603
250	Yoakum	TX	9	15.5	3.6	17.8	1256	566
251	Young	TX	20	16.4	6.4	17.2	2222	2563
252	Zapata	TX	13	27.0	5.0	10.5	2409	851
253	Zavala	TX	9	32.7	4.8	12.1	2125	922
